-1999.9999945891125 -1999.9999967598815 -1999.9999962921174 -1999.9999963527473 -1999.9999963519856 -1999.999996283154 -1999.9999963205687
2209.701404562441 1388.4586347622355 1438.3071489176455 1625.5323200858616 1355.7201998540686 575.5715142485654 1765.1774059792115
2632.9183899673267 1068.967539474776 1377.962632009679 1789.979396342227 1224.3577825640805 1074.2775166166737 2546.2082142257323
1378.0848975355561 1806.4310463489642 2144.575909600081 460.2135840655269 -640.4111869515405 -966.6366047338595 745.1813653833192
2545.8540738118445 1376.389967698755 1261.0737465788818 1146.7886833840334 168.83414089292182 -170.43960865479107 1439.70501348657
2000.2216761269601 2752.2640748092035 1609.6511892601047 1564.2845331255207 -458.0022093385783 -433.2073271792749 1582.2222120312756
291.1285178600756 -600.8771180734462 -1325.0640150722065 1440.516823479071 2318.342679779867 1736.8970086337042 1524.539698786065
1563.2309676229497 736.3399371711199 256.92009833986606 1933.5979724258295 2512.3691749464388 1813.754636605387 1633.6232266487918
1139.2873295932322 32.152407368937475 -262.12957981141955 1165.4808907953966 1729.4542056361543 1261.0368387362882 2123.840015988053
788.4591648085302 977.498493858089 959.5597624329436 121.69630340516551 777.9983599433964 968.6299606936351 252.55774701632708
1253.6089552435176 1370.9479997975295 864.2752725144214 1238.4304442611306 979.7015423420312 1743.0257516003421 859.2508405940673
1434.6815153783614 -112.36035383422245 642.8281574326147 159.2058844394876 116.72875908174933 837.2220954200618 1320.481361594492
