-1999.9999999999782 -1999.9999999999768 -1999.9999999999823 -1999.9999999999814 -1999.9999999999777 -1999.9999999999839 -1999.9999999999827
2115.74277765109 1200.9097596918732 1139.2658157275446 1483.2258873373887 1106.7027616598496 1339.7273268159292 3177.892234679237
1497.9657490290056 1128.4120683842934 1309.0612973631673 1573.043445141783 1427.0476817287345 1089.8098858454432 1829.0036916085437
1413.9762621416144 1353.5719824489515 1514.7737839057472 -874.1090188576143 -996.6519913444006 -925.2096265814355 1481.3648407246264
1502.1560937519455 2225.099897613662 1076.7085682110553 1194.0746687350838 1272.554124261853 306.8534113143344 1163.9106357897451
1832.5739474996392 1454.6314902363238 1297.0154069427167 904.3351414422369 1182.871100753527 -929.5877559133659 1014.6707547739821
85.70046418444986 -1367.8760954371933 -1050.7284301113198 862.2323754245351 1093.642290069727 2611.154474089854 756.1411716477635
408.10141893556744 742.6097010393486 -798.5952351655505 2767.872019654985 1503.0484711777456 976.9014378904398 1428.2703958615266
923.4004929818815 1007.2751507135677 376.4941077856656 2189.164261346251 1280.4265566840518 1078.9736265139193 1362.408743640477
-290.7843539329202 699.3167391962377 981.2716312898876 473.7213881051554 667.6044856586282 1192.9456215450837 -946.5070301058788
337.81782801293514 1090.408552068884 1144.0957634361177 834.1620831151591 211.9562653011435 1360.2128365649837 731.810650986139
1154.033408957054 1112.1048072932965 968.9707939861737 1393.1195308812569 960.6340924402117 814.0105020192689 69.11169583986612
