S 0 : -1999.9999999999582 -1999.9999999999404 -1999.9999999999523 -1999.9999999999486 -1999.9999999999468 -1999.9999999999568 -1999.9999999999627
S 1 : 2927.1586446175716 1384.7333587161986 719.5911292237587 2607.1004895642754 1623.0354761400558 1037.036318507928 2904.667967530454
S 2 : 2237.911607663939 1157.626415404824 1164.5930681681089 974.1356546451206 1418.7575117943916 1159.3071010228691 889.2837657578164
S 3 : 1119.1661898127954 1334.7706187857525 1615.4931591551815 -179.4469182917237 -674.0875555625557 -657.0473347758339 1111.4555086574692
S 4 : 2387.3429416790964 1868.5329273832222 1422.4114611568593 18.940728207647453 667.781248316271 -1039.5610274566384 1349.4836283902064
S 5 : 1167.9107875513328 1257.901201685068 1183.2256708769482 1216.0286572653633 985.9071443612416 -614.7107798685208 1304.7771974063448
S 6 : -805.7856006733684 -815.0483744425583 -614.0800168709166 162.3190479752368 1249.4516629589248 2870.4520164531996 1397.5713481828543
S 7 : 1142.980517674362 424.6771686669801 -917.0430819842503 993.4882129811933 1626.6959904698142 1237.5904585323538 1686.2212714975885
S 8 : 1127.8319866047568 1281.0729401190442 -266.8741227013751 988.981123076357 1135.2724328124646 1049.8169332977857 1252.644690276599
S 9 : 1088.1392424923215 1317.297866727415 2342.8677316411004 963.124078166911 1164.8337271462449 1228.9459133065643 1145.0332167494007
S 10 : 1065.0268047130323 948.3712010722527 1367.7026952572155 995.4436875468672 797.4315946986894 1123.43206139784 750.6801769884871
S 11 : 1123.658487080304 1456.7078682839424 955.1335103354514 1322.7803799761468 1342.960789560515 1427.2466380529595 912.5674346382896
 Run: 400.7cm
 Miss: 0.0cm

