-1999.999999759785 -1999.9999998206072 -1999.9999998412268 -1999.9999998163726 -1999.9999998203366 -1999.9999998369588 -1999.9999998100059
1462.5862214525519 1331.61324576895 -458.2493039948859 1854.2914415416467 1218.3668915660492 1144.8860622685024 2591.070310874061
1207.4296956546746 1391.704359372743 1252.1765541476025 1334.2875586091918 1436.0062277996012 1502.3431878514782 1265.9104488864855
1583.0147661581864 1682.8494894030207 1969.023327957074 698.9116973339927 -878.6855843119837 -950.4045492516228 1061.529646259197
2760.138647260364 2103.7025776246537 1238.1641287704933 1358.2392296161331 1334.662312112625 -328.94045133591806 1564.8195621885802
1572.315755144474 943.7348846394342 929.8662572907344 1921.8732419965784 1227.3985512707275 1186.73630732136 692.7304439377444
639.1126920497596 204.34341313174423 -750.7291342498826 1640.4715426882692 1616.3674748675603 2530.315359058055 560.1611823933241
1075.9695829422578 -43.17183812680264 -804.7663907971146 2498.3878686848625 1880.6831902267015 1080.0920800545837 1803.7247073401945
1198.0446379414834 1013.6835026122267 1082.0912316027056 1149.402503631199 1542.5477963971525 1206.7837333357616 1021.2185447473406
1074.772579210028 1296.256514219753 2683.898922024557 891.7162199059965 1183.0456476190054 2177.6837192490652 837.9610510911061
1523.388845566893 3361.006154235446 2528.7647923607074 1035.590250112219 111.5135357489844 1673.4117129315882 1036.1192867381014
1191.6180981544362 1465.8160267129651 1484.636407006514 250.4107676723196 1249.3826671738505 1401.9176947509775 1028.495437972088
