3761.020604970389 -1710.1243844416667 -1659.877197620242 -1701.2323997688527 -1657.5684265988648 -1697.7756364804054 -1706.3995119231608
1605.3160173837016 1693.6936614310534 1316.4943025083853 591.5814124901403 1696.95651198027 409.7321892718887 3744.6224556977913
2297.6235142864302 1374.54363203388 1360.728617218901 1606.6935866643032 1439.0598253483959 1419.3569191723914 2817.706578302066
1303.0651360717247 1776.0510816865049 3184.4683249062073 50.92216411731408 -1159.5882441002977 -156.36254279122772 1264.2457001248958
1780.9116294102473 2194.5680237858983 1295.1084528959882 1092.0679359009005 514.5995554355045 444.3938222614364 2991.7710468094656
2402.0068144222314 1146.1331316154394 1275.3745474480284 1189.6972730660252 1228.217349749033 -561.3236604265376 1505.4444168116634
278.53955806201463 -1057.066419364517 -886.7813908350169 1599.5442316781496 1748.9692330164785 1773.099786510028 21.712409888655202
1188.655960467961 1061.656373260404 -838.0981151777785 2963.4376315452055 1463.4670507404467 1339.2712287508089 1195.2341621116445
1182.4825590408918 -198.49671284494798 660.1882875988417 2729.4728360983863 1601.796531113061 1117.5280406364245 66.35221513781585
5296.06648365211 0.0 1656.9821949110783 0.0 433.70006983625296 4661.521126848968 -658.1618310173644
1322.8508394281425 1248.7814291527561 1619.1806584734754 1399.3822269808106 653.0048134376443 1577.5959239518436 808.4311297619233
878.8115523570427 836.4441109001189 262.0944267747725 757.857943188249 960.5383468360367 895.3218484973372 894.1248459382919
