S 0 : -1431.8126227721527 -1300.5651187848816 4032.0943928621555 -1377.811066556225 -1444.78283158782 -1564.8465275665908 -1548.057553610624
S 1 : 2377.6518941811464 1484.7688695042657 471.73362892703415 2026.9612220730492 1296.6987868388167 1100.316072825822 1933.8532425417757
S 2 : 54.96231832941328 -944.0373244457008 -827.6283636872638 -917.3772978460593 -1022.6916096728974 -1129.2744663394983 -328.1946580770276
S 3 : 1450.5694941246861 2488.550155347999 1102.8447502355116 -51.825190559269345 -590.9463914083941 -601.3341981582005 804.1107080888669
S 4 : 2317.1815634603786 2538.3998998768184 1143.0939465809283 1164.7858051400353 -620.1468707844205 -121.43941219445776 1322.4915950651157
S 5 : 1036.2537457138606 934.8040784816081 892.0636157549858 -613.6218966403185 -228.72029695608705 -792.4046501151998 950.0068741706743
S 6 : 963.7497751177584 -295.6152200790007 -820.3517182471725 1254.788911435181 1582.5916755733108 1933.4578699513318 27.704426473551507
S 7 : 1220.4046896756593 767.4022896931326 -375.82211309229143 1652.9571212097712 2906.743611815524 1508.692110888992 1302.9964269406105
S 8 : 797.8242614437588 -40.77640970660707 -449.8390988966993 947.4763371086292 1393.4387588301734 881.0732443881121 844.694827029083
S 9 : 884.8242956089191 1178.8576135953442 1051.0052765746511 982.7334622430001 1060.9602009188034 2303.9333522508678 372.3190082829818
S 10 : 1332.0935343268222 197.1523773741551 1405.5603328175048 -286.1858664893804 1245.8148917614353 1686.895095166384 1184.1821242161448
S 11 : 1057.0163006405846 958.6010232012326 908.1216916637482 894.711971190614 1485.7220555129177 734.3953916958221 621.0212155752985
 Run: 1169.9cm
 Miss: 0.0cm

