S 0 : -1999.9999999998608 -1999.9999999997847 -1999.9999999998138 -1999.999999999829 -1999.9999999997858 -1999.9999999998342 -1999.9999999997972
S 1 : 2326.4474580157885 1923.3479333561972 -132.25470380709703 2515.7335004803826 1559.5877872442506 1292.6035402733962 2758.0422457023487
S 2 : -999.6995651888326 158.64380321892236 644.0451190680717 400.879850242477 1254.7763141105643 -694.8848594514718 302.4117789971564
S 3 : 1366.536593684736 1703.2875161236639 444.1284676298246 41.762714679342025 -1070.4977153137988 -818.5865798512641 778.2743149138976
S 4 : 1824.4734667501348 1641.1669239825453 1606.199875949117 1293.7186153097132 896.6816742539249 -657.6316664939567 1705.9620618291208
S 5 : -69.52812941066816 341.29954637426636 1013.7873308549208 453.4206055490273 -368.96725288023583 434.480522486792 867.6274024946003
S 6 : -351.24990222588167 -516.175515826128 -1033.8952904123564 1468.3036975567877 2004.0482549297494 1782.1765756523969 -494.0604461671544
S 7 : 1261.5576812354434 1430.828347138255 -756.4776953343692 1623.5653899554472 2318.664673129906 883.1857869748295 1606.1412869902852
S 8 : 1395.8260873613458 371.13531141354827 733.3493599387266 1170.9809867307602 1388.3185201017377 1282.5076335914775 202.4412293488864
S 9 : 789.5505122403148 904.0467716988901 1429.667796543462 935.2319243117602 994.379421505046 1610.008341384043 917.7588886293765
S 10 : 934.1376155743926 1154.9968275995493 866.6979158959379 1273.732684189215 -24.801944127834076 2227.628151324299 700.4317034742601
S 11 : 1305.2547331430092 981.9320880393906 854.1868959758209 885.4005262660523 2685.172679666842 211.98608007283724 1101.1276282617137
 Run: 472.8cm
 Miss: 0.0cm

