S 0 : -104.26568209903341 -69.82142961383667 -37.52035591880232 -59.380499832283355 -58.83907115683659 800.4755076527449 -81.00695056829736
S 1 : 538.8146118052064 681.457325463602 327.1428179002543 973.1697472379846 1328.9144466200746 1857.4245892740653 331.8788852942095
S 2 : 1488.2159574281163 1577.9434842241953 637.1573681827816 1456.582395730553 980.6446793553787 1102.3560899728063 255.17177746362384
S 3 : 1440.4513940620036 248.565740468761 858.0786031425853 1525.9372878779877 1709.5647680569564 869.3547276701014 146.91058345424028
S 4 : 916.235195139411 989.1490255406393 2063.2056630583625 535.0452999716704 334.8330992382475 292.6268791933827 1140.6742940082245
S 5 : 1113.1927957699827 971.4184781502523 1330.607390437564 1081.1276715561914 887.698558754333 1315.9323639012837 2095.6156432483676
S 6 : 2150.2993176730015 1683.464321938376 976.5070117986044 974.9747198475345 704.5167386182625 396.3997034090256 1020.0365224576417
S 7 : 1138.651633204746 950.9970449770301 644.4503780693268 768.6093156225547 1263.3088446871193 2050.1569022405165 1192.7025070225875
S 8 : 0.0 0.0 0.0 0.0 0.0 0.0 0.0
S 9 : -199.98953178844067 -199.99208482944016 -199.99115539118895 -199.99277487643553 -199.99074546080033 -199.99368918866188 -199.99076089116005
S 10 : 814.9654507012118 470.41090110358283 295.9679351556665 1103.665727927435 2256.2420988860736 1643.3501160746052 969.5656282979004
S 11 : 2010.0529223564154 1613.3055737771515 1042.5615961807182 1680.228425419442 1312.2676080703698 823.2013151834909 373.4399572217727
S 12 : 928.1893675951532 733.1980120127719 456.6565198829119 1126.1264220694356 1299.8885144610354 1089.2025693713836 372.406672238539
S 13 : 1025.3994258818834 1196.3420988217376 2157.5425764043093 1010.0331967178122 353.4794301312875 292.9828679999349 1218.6040182385505
S 14 : 1113.1184449659763 1045.7209466398995 1412.6059220846487 1074.8029218443933 1424.0344077571845 1471.1284701093543 1552.924252719948
S 15 : 1927.649676927782 2581.327699203899 1307.2807016914026 1031.3079838043868 529.9982995374785 818.6462668340052 957.7858493088547
S 16 : 1100.9032961695189 763.4157926898126 2010.2040450605118 666.082747933713 927.9943266994873 911.4349420953954 852.5427598663817
S 17 : 707.3874794956871 821.7960177300763 847.1458902064195 662.355153630923 786.2545139393025 874.468005145621 821.6879554052027
