-1814.1001990150994 3611.2879935312767 -1877.093629401389 -1874.423441900933 -1886.7674985225722 -1885.858529189069 -1881.3616574765306
1592.2696922815712 1163.7549244284983 1068.4451888949918 2504.780005448167 1492.015577764947 751.6534191197943 3128.786410606278
1249.5352278731 416.2313003559014 1155.670535500305 1190.551044800349 1677.4593262674416 802.246387849447 711.871571331943
1523.6707536578306 1306.250283275474 1399.0274749514701 1192.0507527997188 -630.7718250352186 -985.2439960983663 1131.4827698049692
1800.7611757222767 1348.6569768793697 1305.001536807401 1062.691255713798 1207.6803737911246 -1710.975182519217 1321.4977440620537
914.6694629424958 1115.2518397754588 1215.9798693963214 1345.3861047784374 1129.6244041704745 1202.016779927707 933.8974694819065
424.920636324239 -723.9146322052119 -466.7453967615903 1563.2285922646088 1482.7157569126175 1660.7795933089583 1400.6061940407008
1439.3305752160018 -678.4491932772263 178.4194143293895 1360.960060167506 1815.2368145119588 1446.7907530361413 1571.3896130247867
1590.0796876307109 1083.090457701547 1068.8915698295011 1026.9923432635537 959.4524855978048 898.5358894021252 1275.6878994830508
1051.9041733400702 1068.730174228524 1769.30893709752 1155.782372548998 1162.2114134629587 2392.92575490885 959.7899640924538
-62.38556563719408 941.133993038766 599.4666832877551 1003.9659837283458 1347.1642075409186 326.85133052376193 542.1402834592033
1038.1046851861379 916.3841660331005 816.0481153426199 853.3407189105956 955.3644885242052 1032.9205328887772 1079.4757761434118
