-1999.9999999999977 -1999.9999999999977 -1999.9999999999977 -1999.9999999999973 -1999.9999999999977 -1999.9999999999982 -1999.9999999999977
1833.40164109921 1455.8974280487996 320.5089050526078 1789.9237153180427 1106.5486148114323 300.39146488856215 2306.2500024583455
1160.905715625639 1000.7028388377676 1063.1333290971634 995.5216699812096 1250.623998083856 95.87758431608313 1252.194777337247
1081.7226785068847 1870.8662313022564 1991.0819978922236 271.1013484867037 -990.4270320573119 539.4155689582905 1205.7781241347266
1238.6078455785894 1380.9048569873623 366.4027371916784 860.5348856639686 906.5745125101444 266.56095638573424 1088.3258105162063
1335.9611429980498 1452.5354303735605 1304.9940775431 910.4457176564663 1095.1165067447646 -67.73911433774498 931.2878018503247
693.9869467412944 -802.28797663052 -962.3961475239059 1530.0232662242636 2830.744694462461 1126.5614603725817 323.68848703962817
888.8886803881968 958.3129542262452 -99.08644179351086 1163.5282812122682 1435.7343783387128 1757.6841527316722 1642.817608530669
1120.3769239752264 1021.6132857794175 1014.9775030106337 1457.9312381411537 1069.6763496220383 1394.752856991608 1246.5460877553915
994.0088997699634 1185.9083477387467 2822.46090436576 1138.2427502133614 1242.4685859200108 1931.22446539066 1082.3650142031545
543.6580815028977 1154.8443943238274 1080.5363792090536 999.877638784317 729.6131116787105 1474.0409915623136 -832.9228365968938
267.87131302943976 1217.6100414704633 1051.62856289425 1061.0387750448558 954.4190540356515 1762.320613073795 1128.2501697505272
